center_offset: 200 # mm
lx: 350.0 # 250.0 mm/s
ly: 350.0 # 250.0 mm/s
kx: 0.2 # 0.2 
ky: 0.2 # 0.2
teta: [0.2604, 0.2509, -0.000499, 0.9965, 0.00263, 1.0768]
teta0: [0.0, 0.0, 0.0, 0.0, 0.0, 0.0]
teta2: [0.248180489842447, 0.000999605862783, -0.000549835532139, 0.999000346275973, 0.006655575060834, 0.000281139912949]
teta_scale: 1.0 # 1.0
lv: 350.0 # 250.0 mm/s
lw: 350.0 # 250.0 mm/s
kv: 0.3 # 0.5
kw: 0.3 # 0.5
period_ms: 100 # 100