center_offset: 200 # mm
lx: 250.0 # mm/s
ly: 250.0 # mm/s
kx: 1.0
ky: 1.0
teta: [0.2604, 0.2509, -0.000499, 0.9965, 0.00263, 1.0768]
teta_scale: 1.0
lv: 250.0
lw: 250.0
kv: 0.8
kw: 0.8
period_ms: 100